0.080000 
0.080141 
0.080563 
0.081266 
0.082250 
0.083514 
0.085057 
0.086879 
0.088978 
0.091353 
0.094002 
0.096925 
0.100118 
0.103581 
0.107311 
0.111305 
0.115562 
0.120078 
0.124852 
0.129879 
0.135157 
0.140683 
0.146454 
0.152465 
0.158713 
0.165195 
0.171906 
0.178842 
0.185999 
0.193373 
0.200959 
0.208753 
0.216749 
0.224942 
0.233329 
0.241903 
0.250660 
0.259594 
0.268699 
0.277970 
0.287402 
0.296988 
0.306723 
0.316601 
0.326615 
0.336760 
0.347029 
0.357416 
0.367915 
0.378520 
0.389223 
0.400018 
0.410899 
0.421859 
0.432892 
0.443990 
0.455146 
0.466355 
0.477608 
0.488900 
0.500223 
0.511571 
0.522935 
0.534311 
0.545689 
0.557065 
0.568429 
0.579777 
0.591100 
0.602392 
0.613645 
0.624854 
0.636010 
0.647108 
0.658141 
0.669101 
0.679982 
0.690777 
0.701480 
0.712085 
0.722584 
0.732971 
0.743240 
0.753385 
0.763399 
0.773277 
0.783012 
0.792598 
0.802030 
0.811301 
0.820406 
0.829340 
0.838097 
0.846671 
0.855058 
0.863251 
0.871247 
0.879041 
0.886627 
0.894001 
0.901158 
0.908094 
0.914805 
0.921287 
0.927535 
0.933546 
0.939317 
0.944843 
0.950121 
0.955148 
0.959922 
0.964438 
0.968695 
0.972689 
0.976419 
0.979882 
0.983075 
0.985998 
0.988647 
0.991022 
0.993121 
0.994943 
0.996486 
0.997750 
0.998734 
0.999437 
0.999859 
1.000000 
0.999859 
0.999437 
0.998734 
0.997750 
0.996486 
0.994943 
0.993121 
0.991022 
0.988647 
0.985998 
0.983075 
0.979882 
0.976419 
0.972689 
0.968695 
0.964438 
0.959922 
0.955148 
0.950121 
0.944843 
0.939317 
0.933546 
0.927535 
0.921287 
0.914805 
0.908094 
0.901158 
0.894000 
0.886627 
0.879041 
0.871247 
0.863251 
0.855058 
0.846671 
0.838097 
0.829340 
0.820406 
0.811301 
0.802030 
0.792598 
0.783012 
0.773277 
0.763399 
0.753385 
0.743240 
0.732971 
0.722584 
0.712085 
0.701480 
0.690777 
0.679982 
0.669101 
0.658141 
0.647108 
0.636010 
0.624854 
0.613645 
0.602392 
0.591100 
0.579777 
0.568429 
0.557065 
0.545689 
0.534311 
0.522935 
0.511571 
0.500223 
0.488900 
0.477608 
0.466355 
0.455146 
0.443990 
0.432892 
0.421859 
0.410899 
0.400018 
0.389223 
0.378520 
0.367915 
0.357416 
0.347029 
0.336760 
0.326615 
0.316601 
0.306723 
0.296988 
0.287402 
0.277970 
0.268699 
0.259594 
0.250660 
0.241903 
0.233329 
0.224942 
0.216749 
0.208753 
0.200959 
0.193373 
0.185999 
0.178842 
0.171906 
0.165195 
0.158713 
0.152465 
0.146454 
0.140683 
0.135157 
0.129879 
0.124852 
0.120078 
0.115562 
0.111305 
0.107311 
0.103581 
0.100118 
0.096925 
0.094002 
0.091353 
0.088978 
0.086879 
0.085057 
0.083514 
0.082250 
0.081266 
0.080563 
0.080141 
0.080000 
