0.000000 
0.139173 
0.275637 
0.406737 
0.529919 
0.642788 
0.743145 
0.829038 
0.898794 
0.951057 
0.984808 
0.999391 
0.994522 
0.970296 
0.927184 
0.866025 
0.788011 
0.694658 
0.587785 
0.469472 
0.342020 
0.207912 
0.069756 
-0.069756 
-0.207912 
-0.342020 
-0.469472 
-0.587785 
-0.694658 
-0.788011 
-0.866025 
-0.927184 
-0.970296 
-0.994522 
-0.999391 
-0.984808 
-0.951056 
-0.898794 
-0.829038 
-0.743145 
-0.642788 
-0.529919 
-0.406736 
-0.275638 
-0.139173 
0.000000 
0.139173 
0.275637 
0.406737 
0.529919 
0.642788 
0.743145 
0.829037 
0.898794 
0.951057 
0.984808 
0.999391 
0.994522 
0.970296 
0.927184 
0.866025 
0.788011 
0.694659 
0.587785 
0.469472 
0.342020 
0.207911 
0.069756 
-0.069756 
-0.207911 
-0.342020 
-0.469472 
-0.587785 
-0.694659 
-0.788011 
-0.866025 
-0.927184 
-0.970296 
-0.994522 
-0.999391 
-0.984808 
-0.951057 
-0.898794 
-0.829037 
-0.743145 
-0.642788 
-0.529920 
-0.406737 
-0.275637 
-0.139173 
0.000000 
0.139173 
0.275637 
0.406737 
0.529919 
0.642788 
0.743145 
0.829037 
0.898794 
0.951056 
0.984808 
0.999391 
0.994522 
0.970296 
0.927184 
0.866025 
0.788011 
0.694658 
0.587785 
0.469472 
0.342020 
0.207912 
0.069756 
-0.069757 
-0.207912 
-0.342021 
-0.469471 
-0.587786 
-0.694658 
-0.788010 
-0.866026 
-0.927184 
-0.970296 
-0.994522 
-0.999391 
-0.984808 
-0.951057 
-0.898794 
-0.829038 
-0.743145 
-0.642787 
-0.529920 
-0.406736 
-0.275638 
-0.139172 
0.000000 
0.139172 
0.275638 
0.406736 
0.529920 
0.642788 
0.743144 
0.829038 
0.898794 
0.951057 
0.984808 
0.999391 
0.994522 
0.970296 
0.927184 
0.866026 
0.788010 
0.694658 
0.587786 
0.469471 
0.342021 
0.207911 
0.069757 
-0.069757 
-0.207912 
-0.342020 
-0.469472 
-0.587785 
-0.694659 
-0.788011 
-0.866025 
-0.927184 
-0.970296 
-0.994522 
-0.999391 
-0.984808 
-0.951056 
-0.898794 
-0.829037 
-0.743145 
-0.642787 
-0.529919 
-0.406737 
-0.275637 
-0.139174 
0.000001 
0.139173 
0.275636 
0.406737 
0.529919 
0.642788 
0.743145 
0.829038 
0.898794 
0.951056 
0.984808 
0.999391 
0.994522 
0.970296 
0.927184 
0.866025 
0.788011 
0.694658 
0.587785 
0.469471 
0.342020 
0.207912 
0.069756 
-0.069756 
-0.207912 
-0.342020 
-0.469471 
-0.587786 
-0.694658 
-0.788011 
-0.866025 
-0.927184 
-0.970296 
-0.994522 
-0.999391 
-0.984808 
-0.951056 
-0.898794 
-0.829038 
-0.743145 
-0.642788 
-0.529919 
-0.406737 
-0.275638 
-0.139173 
-0.000001 
0.139174 
0.275637 
0.406737 
0.529919 
0.642789 
0.743145 
0.829037 
0.898794 
0.951057 
0.984808 
0.999391 
0.994522 
0.970296 
0.927183 
0.866025 
0.788011 
0.694659 
0.587786 
0.469470 
0.342019 
0.207912 
0.069757 
-0.069755 
-0.207913 
-0.342021 
-0.469471 
-0.587785 
-0.694657 
-0.788012 
