0.000000 
0.011153 
0.022206 
0.033054 
0.043586 
0.053682 
0.063210 
0.072026 
0.079973 
0.086882 
0.092574 
0.096866 
0.099570 
0.100504 
0.099497 
0.096393 
0.091064 
0.083413 
0.073386 
0.060975 
0.046227 
0.029250 
0.010216 
-0.010635 
-0.032998 
-0.056500 
-0.080705 
-0.105121 
-0.129206 
-0.152380 
-0.174036 
-0.193552 
-0.210310 
-0.223710 
-0.233187 
-0.238228 
-0.238392 
-0.233321 
-0.222762 
-0.206572 
-0.184738 
-0.157380 
-0.124755 
-0.087267 
-0.045456 
0.000000 
0.048297 
0.098517 
0.149645 
0.200585 
0.250188 
0.297272 
0.340651 
0.379165 
0.411705 
0.437244 
0.454869 
0.463800 
0.463421 
0.453300 
0.433206 
0.403123 
0.363262 
0.314060 
0.256186 
0.190527 
0.118183 
0.040443 
-0.041233 
-0.125244 
-0.209879 
-0.293351 
-0.373838 
-0.449519 
-0.518622 
-0.579458 
-0.630468 
-0.670258 
-0.697637 
-0.711651 
-0.711606 
-0.697097 
-0.668020 
-0.624584 
-0.567316 
-0.497053 
-0.414933 
-0.322379 
-0.221069 
-0.112911 
0.000000 
0.115421 
0.231011 
0.344372 
0.453111 
0.554887 
0.647463 
0.728758 
0.796895 
0.850245 
0.887467 
0.907541 
0.909793 
0.893921 
0.859995 
0.808475 
0.740192 
0.656343 
0.558467 
0.448415 
0.328313 
0.200518 
0.067573 
-0.067852 
-0.203009 
-0.335140 
-0.461526 
-0.579556 
-0.686772 
-0.780936 
-0.860068 
-0.922495 
-0.966886 
-0.992284 
-0.998126 
-0.984253 
-0.950923 
-0.898794 
-0.828921 
-0.742727 
-0.641974 
-0.528727 
-0.405307 
-0.274244 
-0.138215 
0.000000 
0.137592 
0.271778 
0.399852 
0.519259 
0.627630 
0.722848 
0.803085 
0.866831 
0.912940 
0.940638 
0.949542 
0.939667 
0.911415 
0.865569 
0.803269 
0.725983 
0.635477 
0.533765 
0.423068 
0.305767 
0.184340 
0.061319 
-0.060776 
-0.179480 
-0.292446 
-0.397488 
-0.492621 
-0.576108 
-0.646489 
-0.702607 
-0.743629 
-0.769054 
-0.778723 
-0.772806 
-0.751802 
-0.716512 
-0.668020 
-0.607660 
-0.536984 
-0.457719 
-0.371728 
-0.280965 
-0.187428 
-0.093121 
0.000000 
0.090060 
0.175308 
0.254151 
0.325182 
0.387210 
0.439273 
0.480657 
0.510901 
0.529800 
0.537399 
0.533985 
0.520071 
0.496375 
0.463799 
0.423400 
0.376361 
0.323957 
0.267528 
0.208440 
0.148058 
0.087710 
0.028663 
-0.027904 
-0.080924 
-0.129461 
-0.172726 
-0.210084 
-0.241067 
-0.265371 
-0.282857 
-0.293547 
-0.297612 
-0.295361 
-0.287227 
-0.273747 
-0.255548 
-0.233321 
-0.207807 
-0.179769 
-0.149981 
-0.119201 
-0.088160 
-0.057540 
-0.027968 
-0.000000 
0.025886 
0.049296 
0.069921 
0.087540 
0.102019 
0.113304 
0.121416 
0.126445 
0.128542 
0.127906 
0.124776 
0.119420 
0.112129 
0.103200 
0.092934 
0.081623 
0.069548 
0.056971 
0.044131 
0.031245 
0.018500 
0.006060 
-0.005933 
-0.017364 
-0.028131 
-0.038152 
-0.047354 
-0.055670 
-0.063041 
