0.080000 
0.080139 
0.080554 
0.081246 
0.082215 
0.083459 
0.084979 
0.086772 
0.088839 
0.091177 
0.093786 
0.096663 
0.099807 
0.103217 
0.106890 
0.110823 
0.115015 
0.119464 
0.124165 
0.129117 
0.134316 
0.139760 
0.145445 
0.151367 
0.157524 
0.163911 
0.170525 
0.177361 
0.184415 
0.191684 
0.199162 
0.206846 
0.214731 
0.222811 
0.231083 
0.239540 
0.248179 
0.256993 
0.265978 
0.275128 
0.284438 
0.293901 
0.303513 
0.313267 
0.323157 
0.333179 
0.343325 
0.353589 
0.363966 
0.374448 
0.385031 
0.395706 
0.406469 
0.417312 
0.428229 
0.439213 
0.450258 
0.461358 
0.472504 
0.483691 
0.494912 
0.506160 
0.517429 
0.528711 
0.540000 
0.551289 
0.562571 
0.573840 
0.585088 
0.596309 
0.607496 
0.618643 
0.629742 
0.640787 
0.651771 
0.662688 
0.673531 
0.684294 
0.694969 
0.705552 
0.716034 
0.726411 
0.736675 
0.746821 
0.756842 
0.766733 
0.776487 
0.786099 
0.795562 
0.804872 
0.814022 
0.823007 
0.831821 
0.840460 
0.848917 
0.857189 
0.865269 
0.873154 
0.880838 
0.888316 
0.895585 
0.902639 
0.909475 
0.916089 
0.922476 
0.928633 
0.934555 
0.940240 
0.945684 
0.950883 
0.955835 
0.960536 
0.964985 
0.969177 
0.973110 
0.976783 
0.980193 
0.983337 
0.986214 
0.988823 
0.991161 
0.993228 
0.995021 
0.996541 
0.997785 
0.998754 
0.999446 
0.999861 
1.000000 
0.999861 
0.999446 
0.998754 
0.997785 
0.996541 
0.995021 
0.993228 
0.991161 
0.988823 
0.986214 
0.983337 
0.980193 
0.976783 
0.973110 
0.969177 
0.964985 
0.960536 
0.955835 
0.950883 
0.945684 
0.940240 
0.934555 
0.928633 
0.922476 
0.916089 
0.909475 
0.902639 
0.895585 
0.888316 
0.880838 
0.873154 
0.865269 
0.857189 
0.848917 
0.840460 
0.831821 
0.823007 
0.814022 
0.804872 
0.795562 
0.786099 
0.776487 
0.766733 
0.756842 
0.746821 
0.736675 
0.726411 
0.716034 
0.705552 
0.694969 
0.684294 
0.673531 
0.662688 
0.651771 
0.640787 
0.629742 
0.618642 
0.607496 
0.596309 
0.585088 
0.573840 
0.562571 
0.551289 
0.540000 
0.528711 
0.517429 
0.506160 
0.494912 
0.483691 
0.472504 
0.461358 
0.450258 
0.439213 
0.428229 
0.417312 
0.406469 
0.395706 
0.385031 
0.374448 
0.363966 
0.353589 
0.343325 
0.333179 
0.323158 
0.313267 
0.303513 
0.293901 
0.284438 
0.275128 
0.265978 
0.256993 
0.248179 
0.239540 
0.231083 
0.222811 
0.214731 
0.206846 
0.199162 
0.191684 
0.184415 
0.177361 
0.170525 
0.163911 
0.157524 
0.151367 
0.145445 
0.139760 
0.134316 
0.129117 
0.124165 
0.119464 
0.115015 
0.110823 
0.106890 
0.103217 
0.099807 
0.096663 
0.093786 
0.091177 
0.088839 
0.086772 
0.084979 
0.083459 
0.082215 
0.081246 
0.080554 
0.080139 
