0.000000 
0.011153 
0.022204 
0.033046 
0.043567 
0.053647 
0.063152 
0.071937 
0.079848 
0.086715 
0.092361 
0.096604 
0.099261 
0.100151 
0.099106 
0.095976 
0.090633 
0.082986 
0.072982 
0.060617 
0.045939 
0.029058 
0.010146 
-0.010559 
-0.032751 
-0.056061 
-0.080056 
-0.104250 
-0.128106 
-0.151049 
-0.172480 
-0.191785 
-0.208352 
-0.221591 
-0.230942 
-0.235901 
-0.236032 
-0.230984 
-0.220506 
-0.204460 
-0.182833 
-0.155744 
-0.123450 
-0.086348 
-0.044975 
0.000000 
0.047782 
0.097462 
0.148038 
0.198427 
0.247493 
0.294067 
0.336978 
0.375078 
0.407270 
0.432541 
0.449984 
0.458830 
0.458469 
0.448471 
0.428606 
0.398860 
0.359436 
0.310769 
0.253515 
0.188552 
0.116965 
0.040029 
-0.040813 
-0.123979 
-0.207776 
-0.290435 
-0.370153 
-0.445128 
-0.513602 
-0.573904 
-0.624487 
-0.663967 
-0.691162 
-0.705122 
-0.705156 
-0.690858 
-0.662119 
-0.619143 
-0.562443 
-0.492847 
-0.411476 
-0.319735 
-0.219287 
-0.112016 
0.000000 
0.114540 
0.229281 
0.341846 
0.449858 
0.550990 
0.643020 
0.723877 
0.791691 
0.844839 
0.881979 
0.902090 
0.904493 
0.888877 
0.855305 
0.804219 
0.736439 
0.653145 
0.555859 
0.446413 
0.326915 
0.199707 
0.067314 
-0.067607 
-0.202321 
-0.334080 
-0.460172 
-0.577992 
-0.685082 
-0.779203 
-0.858371 
-0.920905 
-0.965465 
-0.991081 
-0.997177 
-0.983580 
-0.950530 
-0.898669 
-0.829038 
-0.743043 
-0.642431 
-0.529259 
-0.405835 
-0.274684 
-0.138479 
0.000000 
0.137942 
0.272557 
0.401129 
0.521090 
0.630056 
0.725891 
0.806745 
0.871090 
0.917755 
0.945944 
0.955253 
0.945674 
0.917593 
0.871775 
0.809349 
0.731772 
0.640806 
0.538464 
0.426973 
0.308721 
0.186202 
0.061966 
-0.061445 
-0.181539 
-0.295939 
-0.402426 
-0.498981 
-0.583833 
-0.655484 
-0.712744 
-0.754748 
-0.780963 
-0.791204 
-0.785620 
-0.764691 
-0.729207 
-0.680246 
-0.619143 
-0.547457 
-0.466928 
-0.379440 
-0.286974 
-0.191559 
-0.095236 
0.000000 
0.092228 
0.179652 
0.260632 
0.333712 
0.397656 
0.451457 
0.494363 
0.525873 
0.545754 
0.554025 
0.550953 
0.537042 
0.513006 
0.479752 
0.438348 
0.389996 
0.336000 
0.277731 
0.216594 
0.153997 
0.091318 
0.029872 
-0.029110 
-0.084510 
-0.135340 
-0.180761 
-0.220095 
-0.252832 
-0.278632 
-0.297328 
-0.308918 
-0.313558 
-0.311551 
-0.303328 
-0.289436 
-0.270516 
-0.247284 
-0.220506 
-0.190983 
-0.159527 
-0.126937 
-0.093990 
-0.061415 
-0.029885 
-0.000000 
0.027718 
0.052835 
0.075009 
0.093987 
0.109611 
0.121810 
0.130593 
0.136048 
0.138326 
0.137637 
0.134234 
0.128410 
0.120477 
0.110765 
0.099606 
0.087330 
0.074252 
0.060670 
0.046857 
0.033061 
0.019499 
0.006360 
-0.006197 
-0.018041 
-0.029065 
-0.039182 
-0.048325 
-0.056438 
-0.063478 
-0.069402 
