0.000000 
0.000005 
0.000042 
0.000138 
0.000319 
0.000605 
0.001007 
0.001528 
0.002164 
0.002897 
0.003703 
0.004546 
0.005382 
0.006161 
0.006825 
0.007316 
0.007571 
0.007531 
0.007141 
0.006352 
0.005125 
0.003433 
0.001263 
-0.001380 
-0.004476 
-0.007985 
-0.011848 
-0.015986 
-0.020303 
-0.024689 
-0.029015 
-0.033144 
-0.036930 
-0.040222 
-0.042869 
-0.044726 
-0.045656 
-0.045535 
-0.044261 
-0.041750 
-0.037950 
-0.032836 
-0.026420 
-0.018747 
-0.009900 
0.000000 
0.010796 
0.022296 
0.034274 
0.046477 
0.058627 
0.070429 
0.081574 
0.091750 
0.100647 
0.107966 
0.113426 
0.116773 
0.117790 
0.116298 
0.112171 
0.105336 
0.095777 
0.083545 
0.068753 
0.051581 
0.032274 
0.011140 
-0.011455 
-0.035094 
-0.059311 
-0.083605 
-0.107449 
-0.130297 
-0.151601 
-0.170819 
-0.187431 
-0.200949 
-0.210934 
-0.217002 
-0.218839 
-0.216211 
-0.208971 
-0.197067 
-0.180546 
-0.159560 
-0.134362 
-0.105307 
-0.072851 
-0.037539 
0.000000 
0.039065 
0.078894 
0.118680 
0.157587 
0.194767 
0.229378 
0.260601 
0.287661 
0.309845 
0.326518 
0.337139 
0.341279 
0.338630 
0.329018 
0.312410 
0.288919 
0.258807 
0.222482 
0.180498 
0.133542 
0.082425 
0.028074 
-0.028494 
-0.086184 
-0.143844 
-0.200293 
-0.254341 
-0.304812 
-0.350577 
-0.390570 
-0.423817 
-0.449458 
-0.466769 
-0.475177 
-0.474280 
-0.463858 
-0.443882 
-0.414519 
-0.376132 
-0.329281 
-0.274712 
-0.213347 
-0.146270 
-0.074705 
0.000000 
0.076407 
0.153010 
0.228263 
0.300618 
0.368552 
0.430599 
0.485386 
0.531654 
0.568299 
0.594386 
0.609179 
0.612157 
0.603029 
0.581746 
0.548503 
0.503743 
0.448154 
0.382650 
0.308368 
0.226642 
0.138977 
0.047031 
-0.047431 
-0.142557 
-0.236452 
-0.327220 
-0.412990 
-0.491968 
-0.562464 
-0.622939 
-0.672028 
-0.708577 
-0.731668 
-0.740640 
-0.735109 
-0.714975 
-0.680433 
-0.631971 
-0.570363 
-0.496657 
-0.412163 
-0.318421 
-0.217176 
-0.110351 
0.000001 
0.111722 
0.222608 
0.330445 
0.433048 
0.528318 
0.614273 
0.689103 
0.751194 
0.799173 
0.831936 
0.848671 
0.848877 
0.832383 
0.799347 
0.750261 
0.685944 
0.607526 
0.516431 
0.414347 
0.303203 
0.185119 
0.062374 
-0.062635 
-0.187455 
-0.309606 
-0.426652 
-0.536234 
-0.636123 
-0.724271 
-0.798845 
-0.858273 
-0.901273 
-0.926881 
-0.934474 
-0.923784 
-0.894907 
-0.848300 
-0.784777 
-0.705495 
-0.611931 
-0.505852 
-0.389290 
-0.264491 
-0.133876 
-0.000001 
0.134511 
0.267001 
0.394849 
0.515507 
0.626567 
0.725795 
0.811188 
0.881011 
0.933832 
0.968547 
0.984416 
0.981066 
0.958508 
0.917131 
0.857705 
0.781354 
0.689545 
0.584054 
0.466930 
0.340464 
0.207130 
0.069545 
-0.069587 
-0.207530 
-0.341557 
-0.469030 
-0.587431 
-0.694422 
-0.787893 
-0.865993 
-0.927184 
-0.970259 
-0.994372 
-0.999052 
-0.984215 
-0.950162 
-0.897577 
-0.827508 
-0.741355 
-0.640829 
-0.527927 
-0.404888 
-0.274144 
-0.138289 
0.000000 
0.137997 
0.272988 
0.402328 
0.523482 
0.634091 
0.732009 
0.815348 
0.882516 
0.932240 
0.963605 
0.976058 
0.969424 
0.943907 
0.900084 
0.838893 
0.761610 
0.669828 
0.565413 
0.450484 
0.327350 
0.198470 
0.066406 
-0.066223 
-0.196812 
-0.322805 
-0.441753 
-0.551364 
-0.649536 
-0.734415 
-0.804420 
-0.858273 
-0.895027 
-0.914077 
-0.915177 
-0.898435 
-0.864313 
-0.813614 
-0.747463 
-0.667284 
-0.574764 
-0.471825 
-0.360573 
-0.243273 
-0.122278 
-0.000001 
0.121148 
0.238793 
0.350657 
0.454599 
0.548653 
0.631071 
0.700347 
0.755257 
0.794873 
0.818580 
0.826083 
0.817413 
0.792922 
0.753272 
0.699416 
0.632579 
0.554233 
0.466054 
0.369899 
0.267757 
0.161710 
0.053898 
-0.053538 
-0.158489 
-0.258925 
-0.352935 
-0.438752 
-0.514805 
-0.579738 
-0.632432 
-0.672028 
-0.697942 
-0.709867 
-0.707783 
-0.691946 
-0.662883 
-0.621374 
-0.568437 
-0.505300 
-0.433373 
-0.354221 
-0.269526 
-0.181050 
-0.090603 
0.000001 
0.088968 
0.174577 
0.255199 
0.329339 
0.395655 
0.452985 
0.500370 
0.537070 
0.562569 
0.576586 
0.579076 
0.570224 
0.550440 
0.520340 
0.480740 
0.432625 
0.377129 
0.315513 
0.249129 
0.179401 
0.107782 
0.035735 
-0.035305 
-0.103957 
-0.168912 
-0.228975 
-0.283075 
-0.330286 
-0.369845 
-0.401158 
-0.423817 
-0.437595 
-0.442452 
-0.438527 
-0.426136 
-0.405754 
-0.378007 
-0.343651 
-0.303560 
-0.258693 
-0.210084 
-0.158810 
-0.105974 
-0.052678 
0.000000 
0.051027 
0.099433 
0.144334 
0.184940 
0.220578 
0.250696 
0.274871 
0.292819 
0.304388 
0.309566 
0.308470 
0.301344 
0.288546 
0.270539 
0.247876 
0.221188 
0.191166 
0.158543 
0.124082 
0.088552 
0.052716 
0.017315 
-0.016947 
-0.049422 
-0.079520 
-0.106728 
-0.130615 
-0.150834 
-0.167134 
-0.179355 
-0.187430 
-0.191386 
-0.191330 
-0.187456 
-0.180026 
-0.169368 
-0.155863 
-0.139935 
-0.122040 
-0.102653 
-0.082259 
-0.061341 
-0.040366 
-0.019781 
-0.000000 
0.018603 
0.035702 
0.051018 
0.064330 
0.075474 
0.084343 
0.090889 
0.095116 
0.097085 
0.096901 
0.094714 
0.090708 
0.085100 
0.078129 
0.070051 
0.061129 
0.051629 
0.041812 
0.031930 
0.022216 
0.012883 
0.004118 
-0.003919 
-0.011100 
-0.017328 
-0.022537 
-0.026695 
-0.029798 
-0.031870 
-0.032961 
-0.033144 
-0.032508 
-0.031159 
-0.029210 
-0.026783 
-0.024001 
-0.020984 
-0.017849 
-0.014703 
-0.011642 
-0.008750 
-0.006095 
-0.003729 
-0.001691 
-0.000000 
0.001337 
0.002328 
0.002994 
0.003365 
0.003479 
0.003380 
0.003117 
0.002738 
0.002290 
0.001816 
0.001354 
0.000936 
0.000584 
0.000314 
0.000130 
0.000030 
