0.000000
0.013962
0.027922
0.041876
0.055822
0.069756
0.083678
0.097583
0.111469
0.125333
0.139173
0.152986
0.166769
0.180519
0.194234
0.207912
0.221548
0.235142
0.248690
0.262189
0.275637
0.289032
0.302370
0.315649
0.328867
0.342020
0.355107
0.368125
0.381070
0.393942
0.406737
0.419452
0.432086
0.444635
0.457098
0.469472
0.481754
0.493942
0.506034
0.518027
0.529919
0.541708
0.553392
0.564967
0.576432
0.587785
0.599024
0.610145
0.621148
0.632029
0.642788
0.653421
0.663926
0.674302
0.684547
0.694658
0.704634
0.714473
0.724172
0.733730
0.743145
0.752415
0.761538
0.770513
0.779338
0.788011
0.796530
0.804894
0.813101
0.821149
0.829038
0.836764
0.844328
0.851727
0.858960
0.866025
0.872922
0.879649
0.886204
0.892586
0.898794
0.904827
0.910684
0.916363
0.921863
0.927184
0.932324
0.937282
0.942057
0.946649
0.951057
0.955278
0.959314
0.963163
0.966823
0.970296
0.973579
0.976672
0.979575
0.982287
0.984808
0.987136
0.989272
0.991216
0.992966
0.994522
0.995884
0.997053
0.998027
0.998806
0.999391
0.999781
0.999976
0.999976
0.999781
0.999391
0.998806
0.998027
0.997053
0.995884
0.994522
0.992966
0.991216
0.989272
0.987136
0.984808
0.982287
0.979575
0.976672
0.973579
0.970296
0.966823
0.963163
0.959314
0.955278
0.951056
0.946649
0.942057
0.937282
0.932324
0.927184
0.921863
0.916363
0.910684
0.904827
0.898794
0.892586
0.886204
0.879649
0.872922
0.866025
0.858960
0.851727
0.844328
0.836764
0.829038
0.821149
0.813101
0.804894
0.796530
0.788011
0.779338
0.770513
0.761538
0.752415
0.743145
0.733730
0.724172
0.714473
0.704634
0.694658
0.684547
0.674302
0.663926
0.653421
0.642788
0.632029
0.621148
0.610145
0.599024
0.587785
0.576432
0.564967
0.553392
0.541708
0.529919
0.518027
0.506034
0.493942
0.481754
0.469472
0.457098
0.444635
0.432086
0.419452
0.406737
0.393942
0.381070
0.368125
0.355107
0.342020
0.328867
0.315649
0.302370
0.289032
0.275637
0.262189
0.248690
0.235142
0.221549
0.207912
0.194234
0.180519
0.166769
0.152986
0.139173
0.125333
0.111469
0.097583
0.083678
0.069756
0.055821
0.041876
0.027922
0.013962
-0.000000
-0.013962
-0.027922
-0.041876
-0.055822
-0.069756
-0.083678
-0.097583
-0.111469
-0.125333
-0.139173
-0.152986
-0.166769
-0.180519
-0.194234
-0.207912
-0.221548
-0.235142
-0.248690
-0.262189
-0.275637
-0.289032
-0.302370
-0.315649
-0.328867
-0.342020
-0.355107
-0.368125
-0.381070
-0.393942
-0.406737
-0.419452
-0.432086
-0.444635
-0.457098
-0.469472
-0.481754
-0.493942
-0.506034
-0.518027
-0.529919
-0.541708
-0.553392
-0.564967
-0.576432
-0.587785
-0.599024
-0.610145
-0.621148
-0.632029
-0.642788
-0.653421
-0.663926
-0.674302
-0.684547
-0.694658
-0.704634
-0.714473
-0.724172
-0.733730
-0.743145
-0.752415
-0.761538
-0.770513
-0.779338
-0.788011
-0.796530
-0.804894
-0.813101
-0.821149
-0.829038
-0.836764
-0.844328
-0.851727
-0.858960
-0.866025
-0.872922
-0.879649
-0.886204
-0.892586
-0.898794
-0.904827
-0.910684
-0.916363
-0.921863
-0.927184
-0.932324
-0.937282
-0.942057
-0.946649
-0.951056
-0.955278
-0.959314
-0.963163
-0.966823
-0.970296
-0.973579
-0.976672
-0.979575
-0.982287
-0.984808
-0.987136
-0.989272
-0.991216
-0.992966
-0.994522
-0.995884
-0.997053
-0.998027
-0.998806
-0.999391
-0.999781
-0.999976
-0.999976
-0.999781
-0.999391
-0.998806
-0.998027
-0.997053
-0.995884
-0.994522
-0.992966
-0.991216
-0.989272
-0.987136
-0.984808
-0.982287
-0.979575
-0.976672
-0.973579
-0.970296
-0.966823
-0.963163
-0.959314
-0.955278
-0.951056
-0.946649
-0.942057
-0.937282
-0.932324
-0.927184
-0.921863
-0.916363
-0.910684
-0.904827
-0.898794
-0.892586
-0.886204
-0.879649
-0.872922
-0.866025
-0.858960
-0.851727
-0.844328
-0.836764
-0.829038
-0.821149
-0.813101
-0.804894
-0.796530
-0.788011
-0.779338
-0.770513
-0.761538
-0.752415
-0.743145
-0.733730
-0.724172
-0.714473
-0.704634
-0.694658
-0.684547
-0.674302
-0.663926
-0.653420
-0.642788
-0.632029
-0.621148
-0.610145
-0.599024
-0.587785
-0.576432
-0.564967
-0.553392
-0.541708
-0.529919
-0.518027
-0.506034
-0.493942
-0.481754
-0.469471
-0.457098
-0.444635
-0.432086
-0.419452
-0.406736
-0.393942
-0.381070
-0.368125
-0.355107
-0.342020
-0.328867
-0.315649
-0.302370
-0.289032
-0.275638
-0.262189
-0.248690
-0.235142
-0.221549
-0.207912
-0.194234
-0.180519
-0.166769
-0.152986
-0.139173
-0.125333
-0.111469
-0.097583
-0.083678
-0.069756
-0.055821
-0.041876
-0.027922
-0.013962
0.000000
0.013962
0.027922
0.041876
0.055822
0.069756
0.083678
0.097583
0.111469
0.125333
0.139173
0.152986
0.166769
0.180519
0.194234
0.207912
0.221549
0.235142
0.248690
0.262189
0.275637
0.289032
0.302370
0.315649
0.328867
0.342020
0.355107
0.368124
0.381070
0.393942
0.406737
0.419452
0.432086
0.444635
0.457098
0.469471
0.481754
0.493942
0.506034
0.518027
0.529919
0.541708
0.553392
0.564967
0.576432
0.587785
0.599024
0.610145
0.621148
0.632029
0.642788
0.653421
0.663926
0.674302
0.684547
0.694658
0.704634
0.714473
0.724172
0.733730
0.743145
0.752415
